0 10194206
1 10257089
2 10257090
3 10279926
4 10280931
5 10280932
6 10293399
7 10293405
8 10293407
9 10300910
10 10309344
11 10309347
12 10309350
13 10309351
14 10317320
15 10317322
16 10319307
17 10319453
18 10321094
19 10321095
20 10322828
21 10322829
22 10322831
23 10326358
24 10326359
25 10326360
26 10340229
27 10343223
28 10349026
29 10349027
30 10349031
31 10349033
32 10349219
33 10349245
34 10349246
35 10351019
36 10354865
37 10359178
38 10359257
39 10359258
40 10359259
41 10359260
42 10360033
43 10361354
44 10363635
45 10363639
46 10363714
47 10363719
48 10363873
49 10363899
50 10363900
51 10363901
52 10363902
53 10363923
54 10365740
55 10367269
56 10367319
57 10367809
58 10369089
59 10369091
60 10369143
61 10369146
62 10379337
63 10382112
64 10384822
65 10388646
66 10388647
67 10388648
68 10389908
69 10390214
70 10395375
71 10395376
72 10395749
73 10395750
74 10398588
